
00001;	One of us;	Soldier;	Marx;	Normal;	alive,medium,biped,2eyes,hands; 12,10,13,11,12,13,13,12,13,11;	

12,12,4,1,4,1,1,5,5,5,3,1;	TestAspect;	Punch;	None;	Slow;	10,9,10,10,10,9,10;	

10,10,10,9,9,11,9,10,11,11,10,10,10,10,10,10,10,13,13,14,20,20;	8,8,8,8,8,8,8,8,8,8,8,8;	20736;	1200;	Marx;

00002;	One of us;	Revealer;	April;	Normal;	alive,medium,biped,2eyes,hands;	10,10,11,12,13,13,13,12,13,13;	

12,12,3,3,1,2,2,4,4,5,3,3;	TestAspect;	Punch;	None;	Slow;	10,9,10,10,10,9,10;	

10,10,9,10,9,11,10,11,10,10,10,10,10,10,9,11,10,12,13,15,20,20;	8,8,8,8,8,8,8,8,8,8,8,8;	20736;	1200;	April;

00003;	One of us;	Harvester;	Maia;	Normal;	alive,medium,biped,2eyes,hands;	12,12,12,12,13,11,11,13,12,12;	

12,12,3,3,3,3,4,2,3,3,3,3;	TestAspect;	Punch;	None;	Slow;	9,10,10,10,10,9,10;	

10,9,9,9,11,11,10,10,9,10,11,11,10,10,9,11,10,12,13,15,20,20;	8,8,8,8,8,8,8,8,8,8,8,8;	20736;	1200;	Maia;

00004;	One of us;	Guardian;	Juno;	Normal;	alive,medium,biped,2eyes,hands;	12,12,10,13,11,13,13,12,11,13;	

12,12,2,4,2,4,2,3,3,3,3,4;	TestAspect;	Punch;	None;	Slow;	10,10,9,10,9,10,10;	

10,11,9,9,9,10,10,11,10,11,11,10,9,10,10,9,10,12,13,15,20,20;	8,8,8,8,8,8,8,8,8,8,8,8;	20736;	1200;	Juno;

00005;	One of us;	Patron;	Julia;	Normal;	alive,medium,biped,2eyes,hands;	13,12,12,10,13,11,13,12,11,13;	12,12,3,3,2,2,4,3,4,3,3,3;	

TestAspect;	Punch;	None;	Slow;	9,10,10,10,10,9,10;	10,9,11,9,10,10,11,9,11,10,10,10,10,10,9,9,11,12,12,16,20,20;	

8,8,8,8,8,8,8,8,8,8,8,8;	20736;	1200;	Julia;

00006;	One of us;	Architect;	Augustus;	Normal;	alive,medium,biped,2eyes,hands;	13,12,13,12,14,10,12,13,9,12;	

12,12,3,3,5,5,5,1,1,1,3,3;	TestAspect;	Punch;	None;	Slow;	9,10,9,10,10,10,10;	

10,9,9,11,9,10,10,10,10,11,10,10,11,10,9,9,11,12,12,16,20,20;	8,8,8,8,8,8,8,8,8,8,8,8;	20736;	1200;	Augustus;

00007;	One of us;	Teacher;	Septembra;	Normal;	alive,medium,biped,2eyes,hands;	13,14,9,13,12,11,12,13,11,12;	

12,12,1,4,3,5,4,2,2,2,2,5;	TestAspect;	Punch;	None;	Slow;	10,10,10,9,10,9,10;	

10,9,9,9,10,10,10,11,10,11,11,11,9,10,9,11,10,11,14,15,20,20;	8,8,8,8,8,8,8,8,8,8,8,8;	20736;	1200;	Septembra;

00008;	One of us;	Judge;	Octobelle;	Normal;	alive,medium,biped,2eyes,hands;	12,13,13,12,12,13,9,12,13,11;	

12,12,3,3,3,3,5,4,3,3,1,2;	TestAspect;	Punch;	None;	Slow;	9,9,10,10,10,10,10;	

10,11,9,11,9,9,11,11,10,9,11,9,11,9,11,9,10,13,12,15,20,20;	8,8,8,8,8,8,8,8,8,8,8,8;	20736;	1200;	Octobelle;

00009;	One of us;	Monk;	November;	Normal;	alive,medium,biped,2eyes,hands;	12,12,12,12,12,13,13,9,12,13;	

12,12,5,5,1,1,3,5,3,3,3,1;	TestAspect;	Punch;	None;	Slow;	10,10,9,10,10,10,9;	

10,10,10,9,11,10,11,10,10,9,10,10,10,9,11,9,11,13,12,15,20,20;	8,8,8,8,8,8,8,8,8,8,8,8;	20736;	1200;	November;

00010;	One of us;	Director;	Decembus;	Normal;	alive,medium,biped,2eyes,hands;	13,13,11,12,10,11,13,13,11,13;	

12,12,2,4,3,3,4,3,2,2,3,4;	TestAspect;	Punch;	None;	Slow;	10,10,10,9,10,9,10;	

10,10,10,11,9,9,10,10,10,10,10,11,11,9,9,10,10,12,13,15,20,20;	8,8,8,8,8,8,8,8,8,8,8,8;	20736;	1200;	Decembus;

00011;	One of us;	Gatekeeper;	Janus;	Normal;	alive,medium,biped,2eyes,hands;	11,11,13,12,13,13,11,13,12,11;	

12,12,4,2,4,3,1,4,3,3,3,3;	TestAspect;	Punch;	None;	Slow;	10,9,9,10,10,10,10;	

10,9,11,9,10,10,9,10,10,10,10,10,10,11,10,10,10,13,13,15,20,20;	8,8,8,8,8,8,8,8,8,8,8,8;	20736;	1200;	Janus;

00012;	One of us;	Purifier;	Februa;	Normal;	alive,medium,biped,2eyes,hands;	9,10,9,13,13,13,13,13,14,13;	

12,12,1,3,1,3,2,4,5,5,3,3;	TestAspect;	Punch;	None;	Slow;	10,10,10,9,9,10,10;	

10,11,9,9,11,10,11,9,9,9,11,11,10,10,10,10,10,12,13,15,20,20;	8,8,8,8,8,8,8,8,8,8,8,8;	20736;	1200;	Februa;

10001;	Boozy;	Critter;	Bizi,Lua,Nel,Bozo,Buiri,Stewart,Kobe,Elris,Bizzle;	Normal;	alive,tiny,2eyes;	

1,1,1,1,1,1,1,1,1,1,;	0,0,0,0,0,0,0,0,5,1,0,0;	TestAspect;	Kick;	Boozar;	Fast;	12,12,10,10,10,10,10;	

10,10,10,10,10,11,11,9,10,10,11,11,9,10,11,10,10,14,14,15,20,20;	10,10,10,10,10,10,10,10,10,10,10,10;	1;	1;	Boozy;

